otherteam,homegames,awaygames,ngames,homepenalties,awaypenalties,totalpenalties,normalizedpenalties,normalizedhomepenalties,normalizedawaypenalties
ANA,2.0,2.0,4.0,6.0,4.0,10.0,2.5,3.0,2.0
ARI,0.0,0.0,0.0,0.0,0.0,0.0,,,
BOS,1.0,1.0,2.0,3.0,4.0,7.0,3.5,3.0,4.0
BUF,1.0,1.0,2.0,2.0,5.0,7.0,3.5,2.0,5.0
CAR,1.0,1.0,2.0,3.0,2.0,5.0,2.5,3.0,2.0
CBJ,1.0,1.0,2.0,2.0,2.0,4.0,2.0,2.0,2.0
CGY,2.0,2.0,4.0,12.0,2.0,14.0,3.5,6.0,1.0
CHI,2.0,1.0,3.0,12.0,2.0,14.0,4.666666666666667,6.0,2.0
COL,1.0,2.0,3.0,8.0,11.0,19.0,6.333333333333333,8.0,5.5
DAL,2.0,1.0,3.0,9.0,2.0,11.0,3.6666666666666665,4.5,2.0
DET,1.0,1.0,2.0,4.0,1.0,5.0,2.5,4.0,1.0
EDM,2.0,2.0,4.0,3.0,10.0,13.0,3.25,1.5,5.0
FLA,1.0,1.0,2.0,2.0,5.0,7.0,3.5,2.0,5.0
LAK,2.0,2.0,4.0,5.0,6.0,11.0,2.75,2.5,3.0
MIN,2.0,1.0,3.0,10.0,1.0,11.0,3.6666666666666665,5.0,1.0
MTL,1.0,1.0,2.0,4.0,8.0,12.0,6.0,4.0,8.0
NJD,1.0,1.0,2.0,3.0,2.0,5.0,2.5,3.0,2.0
NSH,2.0,1.0,3.0,6.0,2.0,8.0,2.6666666666666665,3.0,2.0
NYI,1.0,1.0,2.0,2.0,3.0,5.0,2.5,2.0,3.0
NYR,1.0,1.0,2.0,1.0,4.0,5.0,2.5,1.0,4.0
OTT,1.0,1.0,2.0,2.0,5.0,7.0,3.5,2.0,5.0
PHI,1.0,1.0,2.0,5.0,3.0,8.0,4.0,5.0,3.0
PIT,1.0,1.0,2.0,5.0,6.0,11.0,5.5,5.0,6.0
SJS,2.0,2.0,4.0,3.0,6.0,9.0,2.25,1.5,3.0
STL,1.0,2.0,3.0,3.0,7.0,10.0,3.3333333333333335,3.0,3.5
TBL,1.0,1.0,2.0,7.0,2.0,9.0,4.5,7.0,2.0
TOR,1.0,1.0,2.0,3.0,1.0,4.0,2.0,3.0,1.0
VAN,2.0,2.0,4.0,5.0,4.0,9.0,2.25,2.5,2.0
VEG,2.0,3.0,5.0,8.0,9.0,17.0,3.4,4.0,3.0
WPG,1.0,2.0,3.0,2.0,8.0,10.0,3.3333333333333335,2.0,4.0
WSH,1.0,1.0,2.0,2.0,7.0,9.0,4.5,2.0,7.0
