otherteam,homegames,awaygames,ngames,homepenalties,awaypenalties,totalpenalties,normalizedpenalties,normalizedhomepenalties,normalizedawaypenalties
ANA,1.0,1.0,2.0,0.0,2.0,2.0,1.0,0.0,2.0
ARI,1.0,1.0,2.0,4.0,2.0,6.0,3.0,4.0,2.0
BOS,1.0,2.0,3.0,4.0,4.0,8.0,2.6666666666666665,4.0,2.0
BUF,1.0,2.0,3.0,2.0,5.0,7.0,2.3333333333333335,2.0,2.5
CAR,0.0,0.0,0.0,0.0,0.0,0.0,,,
CBJ,2.0,2.0,4.0,7.0,3.0,10.0,2.5,3.5,1.5
CGY,1.0,1.0,2.0,6.0,1.0,7.0,3.5,6.0,1.0
CHI,1.0,1.0,2.0,4.0,2.0,6.0,3.0,4.0,2.0
COL,1.0,1.0,2.0,4.0,2.0,6.0,3.0,4.0,2.0
DAL,1.0,1.0,2.0,3.0,2.0,5.0,2.5,3.0,2.0
DET,1.0,2.0,3.0,3.0,6.0,9.0,3.0,3.0,3.0
EDM,1.0,1.0,2.0,1.0,7.0,8.0,4.0,1.0,7.0
FLA,2.0,1.0,3.0,10.0,5.0,15.0,5.0,5.0,5.0
LAK,1.0,1.0,2.0,2.0,1.0,3.0,1.5,2.0,1.0
MIN,1.0,1.0,2.0,3.0,2.0,5.0,2.5,3.0,2.0
MTL,2.0,1.0,3.0,3.0,4.0,7.0,2.3333333333333335,1.5,4.0
NJD,2.0,2.0,4.0,7.0,6.0,13.0,3.25,3.5,3.0
NSH,1.0,1.0,2.0,2.0,4.0,6.0,3.0,2.0,4.0
NYI,2.0,2.0,4.0,8.0,7.0,15.0,3.75,4.0,3.5
NYR,2.0,2.0,4.0,3.0,10.0,13.0,3.25,1.5,5.0
OTT,2.0,1.0,3.0,3.0,2.0,5.0,1.6666666666666667,1.5,2.0
PHI,2.0,2.0,4.0,7.0,5.0,12.0,3.0,3.5,2.5
PIT,2.0,2.0,4.0,5.0,5.0,10.0,2.5,2.5,2.5
SJS,1.0,1.0,2.0,1.0,3.0,4.0,2.0,1.0,3.0
STL,1.0,1.0,2.0,0.0,2.0,2.0,1.0,0.0,2.0
TBL,2.0,1.0,3.0,3.0,0.0,3.0,1.0,1.5,0.0
TOR,1.0,2.0,3.0,2.0,8.0,10.0,3.3333333333333335,2.0,4.0
VAN,1.0,1.0,2.0,4.0,3.0,7.0,3.5,4.0,3.0
VEG,1.0,1.0,2.0,5.0,3.0,8.0,4.0,5.0,3.0
WPG,1.0,1.0,2.0,2.0,2.0,4.0,2.0,2.0,2.0
WSH,2.0,2.0,4.0,6.0,5.0,11.0,2.75,3.0,2.5
