otherteam,homegames,awaygames,ngames,homepenalties,awaypenalties,totalpenalties,normalizedpenalties,normalizedhomepenalties,normalizedawaypenalties
ANA,2.0,2.0,4.0,12.0,14.0,26.0,6.5,6.0,7.0
ARI,2.0,2.0,4.0,6.0,11.0,17.0,4.25,3.0,5.5
BOS,1.0,1.0,2.0,3.0,4.0,7.0,3.5,3.0,4.0
BUF,1.0,1.0,2.0,4.0,4.0,8.0,4.0,4.0,4.0
CAR,1.0,1.0,2.0,6.0,7.0,13.0,6.5,6.0,7.0
CBJ,1.0,1.0,2.0,3.0,2.0,5.0,2.5,3.0,2.0
CGY,0.0,0.0,0.0,0.0,0.0,0.0,,,
CHI,2.0,1.0,3.0,3.0,6.0,9.0,3.0,1.5,6.0
COL,1.0,2.0,3.0,4.0,14.0,18.0,6.0,4.0,7.0
DAL,1.0,2.0,3.0,4.0,12.0,16.0,5.333333333333333,4.0,6.0
DET,1.0,1.0,2.0,4.0,13.0,17.0,8.5,4.0,13.0
EDM,3.0,2.0,5.0,16.0,9.0,25.0,5.0,5.333333333333333,4.5
FLA,1.0,1.0,2.0,7.0,5.0,12.0,6.0,7.0,5.0
LAK,2.0,2.0,4.0,9.0,11.0,20.0,5.0,4.5,5.5
MIN,1.0,2.0,3.0,3.0,9.0,12.0,4.0,3.0,4.5
MTL,1.0,1.0,2.0,1.0,1.0,2.0,1.0,1.0,1.0
NJD,1.0,1.0,2.0,2.0,2.0,4.0,2.0,2.0,2.0
NSH,1.0,2.0,3.0,7.0,8.0,15.0,5.0,7.0,4.0
NYI,1.0,1.0,2.0,2.0,6.0,8.0,4.0,2.0,6.0
NYR,1.0,1.0,2.0,4.0,5.0,9.0,4.5,4.0,5.0
OTT,1.0,1.0,2.0,7.0,2.0,9.0,4.5,7.0,2.0
PHI,1.0,1.0,2.0,3.0,4.0,7.0,3.5,3.0,4.0
PIT,1.0,1.0,2.0,1.0,3.0,4.0,2.0,1.0,3.0
SJS,2.0,2.0,4.0,5.0,10.0,15.0,3.75,2.5,5.0
STL,2.0,1.0,3.0,9.0,3.0,12.0,4.0,4.5,3.0
TBL,1.0,1.0,2.0,6.0,4.0,10.0,5.0,6.0,4.0
TOR,1.0,1.0,2.0,2.0,4.0,6.0,3.0,2.0,4.0
VAN,2.0,2.0,4.0,7.0,16.0,23.0,5.75,3.5,8.0
VEG,2.0,2.0,4.0,5.0,9.0,14.0,3.5,2.5,4.5
WPG,2.0,1.0,3.0,5.0,5.0,10.0,3.3333333333333335,2.5,5.0
WSH,1.0,1.0,2.0,2.0,3.0,5.0,2.5,2.0,3.0
