otherteam,homegames,awaygames,ngames,homepenalties,awaypenalties,totalpenalties,normalizedpenalties,normalizedhomepenalties,normalizedawaypenalties
ANA,1.0,2.0,3.0,3.0,8.0,11.0,3.6666666666666665,3.0,4.0
ARI,1.0,2.0,3.0,3.0,10.0,13.0,4.333333333333333,3.0,5.0
BOS,1.0,1.0,2.0,3.0,4.0,7.0,3.5,3.0,4.0
BUF,1.0,1.0,2.0,5.0,6.0,11.0,5.5,5.0,6.0
CAR,1.0,1.0,2.0,3.0,4.0,7.0,3.5,3.0,4.0
CBJ,1.0,1.0,2.0,1.0,3.0,4.0,2.0,1.0,3.0
CGY,2.0,1.0,3.0,11.0,3.0,14.0,4.666666666666667,5.5,3.0
CHI,2.0,2.0,4.0,6.0,10.0,16.0,4.0,3.0,5.0
COL,2.0,3.0,5.0,7.0,9.0,16.0,3.2,3.5,3.0
DAL,0.0,0.0,0.0,0.0,0.0,0.0,,,
DET,1.0,1.0,2.0,5.0,4.0,9.0,4.5,5.0,4.0
EDM,2.0,1.0,3.0,13.0,4.0,17.0,5.666666666666667,6.5,4.0
FLA,1.0,1.0,2.0,14.0,7.0,21.0,10.5,14.0,7.0
LAK,1.0,2.0,3.0,3.0,5.0,8.0,2.6666666666666665,3.0,2.5
MIN,2.0,2.0,4.0,5.0,7.0,12.0,3.0,2.5,3.5
MTL,1.0,1.0,2.0,6.0,7.0,13.0,6.5,6.0,7.0
NJD,1.0,1.0,2.0,5.0,6.0,11.0,5.5,5.0,6.0
NSH,2.0,2.0,4.0,10.0,10.0,20.0,5.0,5.0,5.0
NYI,1.0,1.0,2.0,4.0,3.0,7.0,3.5,4.0,3.0
NYR,1.0,1.0,2.0,3.0,0.0,3.0,1.5,3.0,0.0
OTT,1.0,1.0,2.0,2.0,4.0,6.0,3.0,2.0,4.0
PHI,1.0,1.0,2.0,3.0,7.0,10.0,5.0,3.0,7.0
PIT,1.0,1.0,2.0,3.0,5.0,8.0,4.0,3.0,5.0
SJS,1.0,2.0,3.0,5.0,3.0,8.0,2.6666666666666665,5.0,1.5
STL,3.0,2.0,5.0,19.0,10.0,29.0,5.8,6.333333333333333,5.0
TBL,1.0,1.0,2.0,3.0,5.0,8.0,4.0,3.0,5.0
TOR,1.0,1.0,2.0,3.0,2.0,5.0,2.5,3.0,2.0
VAN,2.0,1.0,3.0,12.0,4.0,16.0,5.333333333333333,6.0,4.0
VEG,2.0,1.0,3.0,10.0,3.0,13.0,4.333333333333333,5.0,3.0
WPG,2.0,2.0,4.0,5.0,10.0,15.0,3.75,2.5,5.0
WSH,1.0,1.0,2.0,6.0,4.0,10.0,5.0,6.0,4.0
