otherteam,homegames,awaygames,ngames,homepenalties,awaypenalties,totalpenalties,normalizedpenalties,normalizedhomepenalties,normalizedawaypenalties
ANA,1.0,1.0,2.0,4.0,6.0,10.0,5.0,4.0,6.0
ARI,1.0,1.0,2.0,2.0,5.0,7.0,3.5,2.0,5.0
BOS,2.0,2.0,4.0,9.0,7.0,16.0,4.0,4.5,3.5
BUF,2.0,2.0,4.0,12.0,14.0,26.0,6.5,6.0,7.0
CAR,1.0,2.0,3.0,3.0,16.0,19.0,6.333333333333333,3.0,8.0
CBJ,1.0,2.0,3.0,6.0,9.0,15.0,5.0,6.0,4.5
CGY,1.0,1.0,2.0,4.0,10.0,14.0,7.0,4.0,10.0
CHI,1.0,1.0,2.0,1.0,5.0,6.0,3.0,1.0,5.0
COL,1.0,1.0,2.0,3.0,3.0,6.0,3.0,3.0,3.0
DAL,1.0,1.0,2.0,4.0,17.0,21.0,10.5,4.0,17.0
DET,2.0,2.0,4.0,9.0,10.0,19.0,4.75,4.5,5.0
EDM,1.0,1.0,2.0,3.0,0.0,3.0,1.5,3.0,0.0
FLA,0.0,0.0,0.0,0.0,0.0,0.0,,,
LAK,1.0,1.0,2.0,3.0,1.0,4.0,2.0,3.0,1.0
MIN,1.0,1.0,2.0,6.0,2.0,8.0,4.0,6.0,2.0
MTL,2.0,2.0,4.0,4.0,12.0,16.0,4.0,2.0,6.0
NJD,1.0,2.0,3.0,3.0,8.0,11.0,3.6666666666666665,3.0,4.0
NSH,1.0,1.0,2.0,0.0,3.0,3.0,1.5,0.0,3.0
NYI,1.0,2.0,3.0,2.0,5.0,7.0,2.3333333333333335,2.0,2.5
NYR,2.0,1.0,3.0,5.0,4.0,9.0,3.0,2.5,4.0
OTT,2.0,2.0,4.0,6.0,3.0,9.0,2.25,3.0,1.5
PHI,2.0,1.0,3.0,10.0,5.0,15.0,5.0,5.0,5.0
PIT,2.0,1.0,3.0,6.0,3.0,9.0,3.0,3.0,3.0
SJS,1.0,1.0,2.0,0.0,2.0,2.0,1.0,0.0,2.0
STL,1.0,1.0,2.0,7.0,5.0,12.0,6.0,7.0,5.0
TBL,2.0,2.0,4.0,16.0,4.0,20.0,5.0,8.0,2.0
TOR,2.0,2.0,4.0,5.0,3.0,8.0,2.0,2.5,1.5
VAN,1.0,1.0,2.0,1.0,6.0,7.0,3.5,1.0,6.0
VEG,1.0,1.0,2.0,3.0,4.0,7.0,3.5,3.0,4.0
WPG,1.0,1.0,2.0,8.0,2.0,10.0,5.0,8.0,2.0
WSH,2.0,1.0,3.0,12.0,4.0,16.0,5.333333333333333,6.0,4.0
