otherteam,homegames,awaygames,ngames,homepenalties,awaypenalties,totalpenalties,normalizedpenalties,normalizedhomepenalties,normalizedawaypenalties
ANA,1.0,2.0,3.0,4.0,7.0,11.0,3.6666666666666665,4.0,3.5
ARI,1.0,2.0,3.0,1.0,5.0,6.0,2.0,1.0,2.5
BOS,1.0,1.0,2.0,2.0,5.0,7.0,3.5,2.0,5.0
BUF,1.0,1.0,2.0,4.0,3.0,7.0,3.5,4.0,3.0
CAR,1.0,1.0,2.0,3.0,5.0,8.0,4.0,3.0,5.0
CBJ,1.0,1.0,2.0,3.0,3.0,6.0,3.0,3.0,3.0
CGY,2.0,1.0,3.0,9.0,6.0,15.0,5.0,4.5,6.0
CHI,2.0,3.0,5.0,8.0,17.0,25.0,5.0,4.0,5.666666666666667
COL,2.0,2.0,4.0,8.0,11.0,19.0,4.75,4.0,5.5
DAL,2.0,2.0,4.0,8.0,5.0,13.0,3.25,4.0,2.5
DET,1.0,1.0,2.0,4.0,5.0,9.0,4.5,4.0,5.0
EDM,2.0,1.0,3.0,8.0,3.0,11.0,3.6666666666666665,4.0,3.0
FLA,1.0,1.0,2.0,3.0,4.0,7.0,3.5,3.0,4.0
LAK,1.0,2.0,3.0,3.0,13.0,16.0,5.333333333333333,3.0,6.5
MIN,0.0,0.0,0.0,0.0,0.0,0.0,,,
MTL,1.0,1.0,2.0,1.0,4.0,5.0,2.5,1.0,4.0
NJD,1.0,1.0,2.0,4.0,3.0,7.0,3.5,4.0,3.0
NSH,3.0,2.0,5.0,10.0,10.0,20.0,4.0,3.3333333333333335,5.0
NYI,1.0,1.0,2.0,5.0,4.0,9.0,4.5,5.0,4.0
NYR,1.0,1.0,2.0,4.0,1.0,5.0,2.5,4.0,1.0
OTT,1.0,1.0,2.0,2.0,4.0,6.0,3.0,2.0,4.0
PHI,1.0,1.0,2.0,2.0,3.0,5.0,2.5,2.0,3.0
PIT,1.0,1.0,2.0,3.0,2.0,5.0,2.5,3.0,2.0
SJS,1.0,2.0,3.0,1.0,9.0,10.0,3.3333333333333335,1.0,4.5
STL,2.0,2.0,4.0,11.0,13.0,24.0,6.0,5.5,6.5
TBL,1.0,1.0,2.0,5.0,6.0,11.0,5.5,5.0,6.0
TOR,1.0,1.0,2.0,5.0,2.0,7.0,3.5,5.0,2.0
VAN,2.0,1.0,3.0,4.0,1.0,5.0,1.6666666666666667,2.0,1.0
VEG,2.0,1.0,3.0,7.0,3.0,10.0,3.3333333333333335,3.5,3.0
WPG,2.0,2.0,4.0,6.0,12.0,18.0,4.5,3.0,6.0
WSH,1.0,1.0,2.0,2.0,5.0,7.0,3.5,2.0,5.0
