otherteam,homegames,awaygames,ngames,homepenalties,awaypenalties,totalpenalties,normalizedpenalties,normalizedhomepenalties,normalizedawaypenalties
ANA,1.0,1.0,2.0,4.0,7.0,11.0,5.5,4.0,7.0
ARI,1.0,1.0,2.0,9.0,3.0,12.0,6.0,9.0,3.0
BOS,2.0,2.0,4.0,5.0,9.0,14.0,3.5,2.5,4.5
BUF,2.0,2.0,4.0,6.0,7.0,13.0,3.25,3.0,3.5
CAR,1.0,2.0,3.0,3.0,6.0,9.0,3.0,3.0,3.0
CBJ,2.0,1.0,3.0,7.0,3.0,10.0,3.3333333333333335,3.5,3.0
CGY,1.0,1.0,2.0,4.0,3.0,7.0,3.5,4.0,3.0
CHI,1.0,1.0,2.0,2.0,3.0,5.0,2.5,2.0,3.0
COL,1.0,1.0,2.0,4.0,2.0,6.0,3.0,4.0,2.0
DAL,1.0,1.0,2.0,7.0,4.0,11.0,5.5,7.0,4.0
DET,2.0,2.0,4.0,6.0,7.0,13.0,3.25,3.0,3.5
EDM,1.0,1.0,2.0,5.0,3.0,8.0,4.0,5.0,3.0
FLA,2.0,2.0,4.0,8.0,5.0,13.0,3.25,4.0,2.5
LAK,1.0,1.0,2.0,1.0,3.0,4.0,2.0,1.0,3.0
MIN,1.0,1.0,2.0,4.0,4.0,8.0,4.0,4.0,4.0
MTL,0.0,0.0,0.0,0.0,0.0,0.0,,,
NJD,2.0,1.0,3.0,8.0,5.0,13.0,4.333333333333333,4.0,5.0
NSH,1.0,1.0,2.0,4.0,6.0,10.0,5.0,4.0,6.0
NYI,2.0,1.0,3.0,4.0,4.0,8.0,2.6666666666666665,2.0,4.0
NYR,2.0,1.0,3.0,9.0,3.0,12.0,4.0,4.5,3.0
OTT,2.0,2.0,4.0,5.0,12.0,17.0,4.25,2.5,6.0
PHI,1.0,2.0,3.0,5.0,9.0,14.0,4.666666666666667,5.0,4.5
PIT,1.0,2.0,3.0,2.0,9.0,11.0,3.6666666666666665,2.0,4.5
SJS,1.0,1.0,2.0,4.0,7.0,11.0,5.5,4.0,7.0
STL,1.0,1.0,2.0,5.0,3.0,8.0,4.0,5.0,3.0
TBL,2.0,2.0,4.0,9.0,13.0,22.0,5.5,4.5,6.5
TOR,2.0,2.0,4.0,9.0,9.0,18.0,4.5,4.5,4.5
VAN,1.0,1.0,2.0,3.0,3.0,6.0,3.0,3.0,3.0
VEG,1.0,1.0,2.0,2.0,2.0,4.0,2.0,2.0,2.0
WPG,1.0,1.0,2.0,4.0,3.0,7.0,3.5,4.0,3.0
WSH,1.0,2.0,3.0,3.0,9.0,12.0,4.0,3.0,4.5
