otherteam,homegames,awaygames,ngames,homepenalties,awaypenalties,totalpenalties,normalizedpenalties,normalizedhomepenalties,normalizedawaypenalties
ANA,2.0,1.0,3.0,8.0,4.0,12.0,4.0,4.0,4.0
ARI,1.0,2.0,3.0,2.0,8.0,10.0,3.3333333333333335,2.0,4.0
BOS,1.0,1.0,2.0,4.0,6.0,10.0,5.0,4.0,6.0
BUF,1.0,1.0,2.0,9.0,2.0,11.0,5.5,9.0,2.0
CAR,1.0,1.0,2.0,7.0,4.0,11.0,5.5,7.0,4.0
CBJ,1.0,1.0,2.0,3.0,4.0,7.0,3.5,3.0,4.0
CGY,2.0,1.0,3.0,8.0,7.0,15.0,5.0,4.0,7.0
CHI,2.0,2.0,4.0,6.0,14.0,20.0,5.0,3.0,7.0
COL,2.0,2.0,4.0,14.0,9.0,23.0,5.75,7.0,4.5
DAL,2.0,2.0,4.0,7.0,9.0,16.0,4.0,3.5,4.5
DET,1.0,1.0,2.0,3.0,4.0,7.0,3.5,3.0,4.0
EDM,1.0,2.0,3.0,1.0,5.0,6.0,2.0,1.0,2.5
FLA,1.0,1.0,2.0,3.0,1.0,4.0,2.0,3.0,1.0
LAK,1.0,2.0,3.0,2.0,12.0,14.0,4.666666666666667,2.0,6.0
MIN,2.0,3.0,5.0,6.0,16.0,22.0,4.4,3.0,5.333333333333333
MTL,1.0,1.0,2.0,6.0,4.0,10.0,5.0,6.0,4.0
NJD,1.0,1.0,2.0,3.0,2.0,5.0,2.5,3.0,2.0
NSH,0.0,0.0,0.0,0.0,0.0,0.0,,,
NYI,1.0,1.0,2.0,8.0,5.0,13.0,6.5,8.0,5.0
NYR,1.0,1.0,2.0,5.0,6.0,11.0,5.5,5.0,6.0
OTT,1.0,1.0,2.0,3.0,3.0,6.0,3.0,3.0,3.0
PHI,1.0,1.0,2.0,6.0,5.0,11.0,5.5,6.0,5.0
PIT,1.0,1.0,2.0,5.0,12.0,17.0,8.5,5.0,12.0
SJS,2.0,1.0,3.0,11.0,12.0,23.0,7.666666666666667,5.5,12.0
STL,2.0,2.0,4.0,8.0,6.0,14.0,3.5,4.0,3.0
TBL,1.0,1.0,2.0,2.0,5.0,7.0,3.5,2.0,5.0
TOR,1.0,1.0,2.0,3.0,2.0,5.0,2.5,3.0,2.0
VAN,1.0,2.0,3.0,4.0,12.0,16.0,5.333333333333333,4.0,6.0
VEG,2.0,1.0,3.0,9.0,1.0,10.0,3.3333333333333335,4.5,1.0
WPG,3.0,2.0,5.0,18.0,10.0,28.0,5.6,6.0,5.0
WSH,1.0,1.0,2.0,3.0,5.0,8.0,4.0,3.0,5.0
