otherteam,homegames,awaygames,ngames,homepenalties,awaypenalties,totalpenalties,normalizedpenalties,normalizedhomepenalties,normalizedawaypenalties
ANA,1.0,1.0,2.0,3.0,4.0,7.0,3.5,3.0,4.0
ARI,1.0,1.0,2.0,3.0,2.0,5.0,2.5,3.0,2.0
BOS,2.0,1.0,3.0,5.0,5.0,10.0,3.3333333333333335,2.5,5.0
BUF,2.0,1.0,3.0,9.0,2.0,11.0,3.6666666666666665,4.5,2.0
CAR,2.0,2.0,4.0,7.0,8.0,15.0,3.75,3.5,4.0
CBJ,2.0,2.0,4.0,9.0,6.0,15.0,3.75,4.5,3.0
CGY,1.0,1.0,2.0,5.0,5.0,10.0,5.0,5.0,5.0
CHI,1.0,1.0,2.0,2.0,3.0,5.0,2.5,2.0,3.0
COL,1.0,1.0,2.0,5.0,5.0,10.0,5.0,5.0,5.0
DAL,1.0,1.0,2.0,2.0,4.0,6.0,3.0,2.0,4.0
DET,2.0,1.0,3.0,4.0,1.0,5.0,1.6666666666666667,2.0,1.0
EDM,1.0,1.0,2.0,2.0,3.0,5.0,2.5,2.0,3.0
FLA,2.0,1.0,3.0,5.0,5.0,10.0,3.3333333333333335,2.5,5.0
LAK,1.0,1.0,2.0,4.0,3.0,7.0,3.5,4.0,3.0
MIN,1.0,1.0,2.0,1.0,3.0,4.0,2.0,1.0,3.0
MTL,1.0,2.0,3.0,3.0,6.0,9.0,3.0,3.0,3.0
NJD,2.0,2.0,4.0,9.0,3.0,12.0,3.0,4.5,1.5
NSH,1.0,1.0,2.0,4.0,7.0,11.0,5.5,4.0,7.0
NYI,0.0,0.0,0.0,0.0,0.0,0.0,,,
NYR,2.0,2.0,4.0,6.0,4.0,10.0,2.5,3.0,2.0
OTT,1.0,2.0,3.0,3.0,11.0,14.0,4.666666666666667,3.0,5.5
PHI,2.0,2.0,4.0,6.0,11.0,17.0,4.25,3.0,5.5
PIT,2.0,2.0,4.0,5.0,4.0,9.0,2.25,2.5,2.0
SJS,1.0,1.0,2.0,4.0,2.0,6.0,3.0,4.0,2.0
STL,1.0,1.0,2.0,6.0,5.0,11.0,5.5,6.0,5.0
TBL,1.0,2.0,3.0,4.0,5.0,9.0,3.0,4.0,2.5
TOR,1.0,2.0,3.0,3.0,5.0,8.0,2.6666666666666665,3.0,2.5
VAN,1.0,1.0,2.0,2.0,1.0,3.0,1.5,2.0,1.0
VEG,1.0,1.0,2.0,5.0,2.0,7.0,3.5,5.0,2.0
WPG,1.0,1.0,2.0,3.0,5.0,8.0,4.0,3.0,5.0
WSH,2.0,2.0,4.0,3.0,15.0,18.0,4.5,1.5,7.5
