otherteam,homegames,awaygames,ngames,homepenalties,awaypenalties,totalpenalties,normalizedpenalties,normalizedhomepenalties,normalizedawaypenalties
ANA,1.0,1.0,2.0,2.0,6.0,8.0,4.0,2.0,6.0
ARI,1.0,1.0,2.0,4.0,2.0,6.0,3.0,4.0,2.0
BOS,2.0,1.0,3.0,8.0,7.0,15.0,5.0,4.0,7.0
BUF,2.0,1.0,3.0,10.0,5.0,15.0,5.0,5.0,5.0
CAR,2.0,2.0,4.0,5.0,8.0,13.0,3.25,2.5,4.0
CBJ,2.0,2.0,4.0,3.0,7.0,10.0,2.5,1.5,3.5
CGY,1.0,1.0,2.0,6.0,4.0,10.0,5.0,6.0,4.0
CHI,1.0,1.0,2.0,1.0,5.0,6.0,3.0,1.0,5.0
COL,1.0,1.0,2.0,6.0,1.0,7.0,3.5,6.0,1.0
DAL,1.0,1.0,2.0,3.0,5.0,8.0,4.0,3.0,5.0
DET,2.0,1.0,3.0,7.0,5.0,12.0,4.0,3.5,5.0
EDM,1.0,1.0,2.0,2.0,2.0,4.0,2.0,2.0,2.0
FLA,1.0,2.0,3.0,3.0,5.0,8.0,2.6666666666666665,3.0,2.5
LAK,1.0,1.0,2.0,1.0,5.0,6.0,3.0,1.0,5.0
MIN,1.0,1.0,2.0,1.0,2.0,3.0,1.5,1.0,2.0
MTL,1.0,2.0,3.0,1.0,11.0,12.0,4.0,1.0,5.5
NJD,2.0,2.0,4.0,10.0,9.0,19.0,4.75,5.0,4.5
NSH,1.0,1.0,2.0,6.0,7.0,13.0,6.5,6.0,7.0
NYI,2.0,2.0,4.0,5.0,4.0,9.0,2.25,2.5,2.0
NYR,0.0,0.0,0.0,0.0,0.0,0.0,,,
OTT,1.0,2.0,3.0,4.0,4.0,8.0,2.6666666666666665,4.0,2.0
PHI,2.0,2.0,4.0,7.0,6.0,13.0,3.25,3.5,3.0
PIT,2.0,2.0,4.0,8.0,7.0,15.0,3.75,4.0,3.5
SJS,1.0,1.0,2.0,1.0,1.0,2.0,1.0,1.0,1.0
STL,1.0,1.0,2.0,4.0,4.0,8.0,4.0,4.0,4.0
TBL,1.0,2.0,3.0,7.0,9.0,16.0,5.333333333333333,7.0,4.5
TOR,2.0,1.0,3.0,9.0,6.0,15.0,5.0,4.5,6.0
VAN,1.0,1.0,2.0,1.0,3.0,4.0,2.0,1.0,3.0
VEG,1.0,1.0,2.0,3.0,1.0,4.0,2.0,3.0,1.0
WPG,1.0,1.0,2.0,2.0,5.0,7.0,3.5,2.0,5.0
WSH,2.0,2.0,4.0,5.0,8.0,13.0,3.25,2.5,4.0
