otherteam,homegames,awaygames,ngames,homepenalties,awaypenalties,totalpenalties,normalizedpenalties,normalizedhomepenalties,normalizedawaypenalties
ANA,2.0,1.0,3.0,6.0,1.0,7.0,2.3333333333333335,3.0,1.0
ARI,2.0,1.0,3.0,7.0,4.0,11.0,3.6666666666666665,3.5,4.0
BOS,1.0,1.0,2.0,3.0,2.0,5.0,2.5,3.0,2.0
BUF,1.0,1.0,2.0,5.0,4.0,9.0,4.5,5.0,4.0
CAR,1.0,1.0,2.0,2.0,1.0,3.0,1.5,2.0,1.0
CBJ,1.0,1.0,2.0,2.0,2.0,4.0,2.0,2.0,2.0
CGY,1.0,2.0,3.0,2.0,11.0,13.0,4.333333333333333,2.0,5.5
CHI,2.0,2.0,4.0,9.0,3.0,12.0,3.0,4.5,1.5
COL,3.0,2.0,5.0,9.0,6.0,15.0,3.0,3.0,3.0
DAL,2.0,3.0,5.0,7.0,15.0,22.0,4.4,3.5,5.0
DET,1.0,1.0,2.0,4.0,3.0,7.0,3.5,4.0,3.0
EDM,1.0,2.0,3.0,2.0,9.0,11.0,3.6666666666666665,2.0,4.5
FLA,1.0,1.0,2.0,5.0,7.0,12.0,6.0,5.0,7.0
LAK,2.0,1.0,3.0,8.0,4.0,12.0,4.0,4.0,4.0
MIN,2.0,2.0,4.0,8.0,8.0,16.0,4.0,4.0,4.0
MTL,1.0,1.0,2.0,2.0,3.0,5.0,2.5,2.0,3.0
NJD,1.0,1.0,2.0,2.0,4.0,6.0,3.0,2.0,4.0
NSH,2.0,2.0,4.0,5.0,5.0,10.0,2.5,2.5,2.5
NYI,1.0,1.0,2.0,3.0,6.0,9.0,4.5,3.0,6.0
NYR,1.0,1.0,2.0,3.0,4.0,7.0,3.5,3.0,4.0
OTT,1.0,1.0,2.0,3.0,4.0,7.0,3.5,3.0,4.0
PHI,1.0,1.0,2.0,3.0,4.0,7.0,3.5,3.0,4.0
PIT,1.0,1.0,2.0,2.0,5.0,7.0,3.5,2.0,5.0
SJS,2.0,1.0,3.0,4.0,2.0,6.0,2.0,2.0,2.0
STL,0.0,0.0,0.0,0.0,0.0,0.0,,,
TBL,1.0,1.0,2.0,4.0,2.0,6.0,3.0,4.0,2.0
TOR,1.0,1.0,2.0,3.0,2.0,5.0,2.5,3.0,2.0
VAN,1.0,2.0,3.0,3.0,5.0,8.0,2.6666666666666665,3.0,2.5
VEG,1.0,2.0,3.0,1.0,5.0,6.0,2.0,1.0,2.5
WPG,2.0,2.0,4.0,11.0,8.0,19.0,4.75,5.5,4.0
WSH,1.0,1.0,2.0,2.0,4.0,6.0,3.0,2.0,4.0
