otherteam,homegames,awaygames,ngames,homepenalties,awaypenalties,totalpenalties,normalizedpenalties,normalizedhomepenalties,normalizedawaypenalties
ANA,1.0,1.0,2.0,2.0,1.0,3.0,1.5,2.0,1.0
ARI,1.0,1.0,2.0,4.0,7.0,11.0,5.5,4.0,7.0
BOS,2.0,2.0,4.0,6.0,14.0,20.0,5.0,3.0,7.0
BUF,2.0,2.0,4.0,10.0,6.0,16.0,4.0,5.0,3.0
CAR,1.0,2.0,3.0,4.0,7.0,11.0,3.6666666666666665,4.0,3.5
CBJ,1.0,2.0,3.0,4.0,7.0,11.0,3.6666666666666665,4.0,3.5
CGY,1.0,1.0,2.0,2.0,4.0,6.0,3.0,2.0,4.0
CHI,1.0,1.0,2.0,4.0,6.0,10.0,5.0,4.0,6.0
COL,1.0,1.0,2.0,3.0,8.0,11.0,5.5,3.0,8.0
DAL,1.0,1.0,2.0,4.0,3.0,7.0,3.5,4.0,3.0
DET,2.0,2.0,4.0,9.0,13.0,22.0,5.5,4.5,6.5
EDM,1.0,1.0,2.0,5.0,5.0,10.0,5.0,5.0,5.0
FLA,2.0,2.0,4.0,7.0,12.0,19.0,4.75,3.5,6.0
LAK,1.0,1.0,2.0,4.0,5.0,9.0,4.5,4.0,5.0
MIN,1.0,1.0,2.0,6.0,4.0,10.0,5.0,6.0,4.0
MTL,2.0,2.0,4.0,9.0,9.0,18.0,4.5,4.5,4.5
NJD,1.0,1.0,2.0,4.0,4.0,8.0,4.0,4.0,4.0
NSH,1.0,1.0,2.0,2.0,3.0,5.0,2.5,2.0,3.0
NYI,2.0,1.0,3.0,4.0,5.0,9.0,3.0,2.0,5.0
NYR,2.0,1.0,3.0,8.0,8.0,16.0,5.333333333333333,4.0,8.0
OTT,2.0,2.0,4.0,8.0,10.0,18.0,4.5,4.0,5.0
PHI,2.0,1.0,3.0,12.0,4.0,16.0,5.333333333333333,6.0,4.0
PIT,2.0,1.0,3.0,10.0,4.0,14.0,4.666666666666667,5.0,4.0
SJS,1.0,1.0,2.0,1.0,2.0,3.0,1.5,1.0,2.0
STL,1.0,1.0,2.0,3.0,2.0,5.0,2.5,3.0,2.0
TBL,0.0,0.0,0.0,0.0,0.0,0.0,,,
TOR,2.0,2.0,4.0,8.0,4.0,12.0,3.0,4.0,2.0
VAN,1.0,1.0,2.0,3.0,4.0,7.0,3.5,3.0,4.0
VEG,1.0,1.0,2.0,4.0,5.0,9.0,4.5,4.0,5.0
WPG,1.0,1.0,2.0,2.0,4.0,6.0,3.0,2.0,4.0
WSH,1.0,2.0,3.0,6.0,5.0,11.0,3.6666666666666665,6.0,2.5
