otherteam,homegames,awaygames,ngames,homepenalties,awaypenalties,totalpenalties,normalizedpenalties,normalizedhomepenalties,normalizedawaypenalties
ANA,2.0,2.0,4.0,3.0,7.0,10.0,2.5,1.5,3.5
ARI,3.0,2.0,5.0,8.0,8.0,16.0,3.2,2.6666666666666665,4.0
BOS,1.0,1.0,2.0,3.0,1.0,4.0,2.0,3.0,1.0
BUF,1.0,1.0,2.0,5.0,2.0,7.0,3.5,5.0,2.0
CAR,1.0,1.0,2.0,4.0,5.0,9.0,4.5,4.0,5.0
CBJ,1.0,1.0,2.0,4.0,3.0,7.0,3.5,4.0,3.0
CGY,2.0,2.0,4.0,8.0,8.0,16.0,4.0,4.0,4.0
CHI,2.0,1.0,3.0,6.0,3.0,9.0,3.0,3.0,3.0
COL,2.0,1.0,3.0,8.0,4.0,12.0,4.0,4.0,4.0
DAL,1.0,2.0,3.0,4.0,8.0,12.0,4.0,4.0,4.0
DET,1.0,1.0,2.0,3.0,3.0,6.0,3.0,3.0,3.0
EDM,2.0,2.0,4.0,6.0,7.0,13.0,3.25,3.0,3.5
FLA,1.0,1.0,2.0,3.0,1.0,4.0,2.0,3.0,1.0
LAK,2.0,2.0,4.0,7.0,7.0,14.0,3.5,3.5,3.5
MIN,1.0,2.0,3.0,3.0,7.0,10.0,3.3333333333333335,3.0,3.5
MTL,1.0,1.0,2.0,2.0,2.0,4.0,2.0,2.0,2.0
NJD,1.0,1.0,2.0,2.0,3.0,5.0,2.5,2.0,3.0
NSH,1.0,2.0,3.0,2.0,7.0,9.0,3.0,2.0,3.5
NYI,1.0,1.0,2.0,1.0,5.0,6.0,3.0,1.0,5.0
NYR,1.0,1.0,2.0,2.0,5.0,7.0,3.5,2.0,5.0
OTT,1.0,1.0,2.0,5.0,3.0,8.0,4.0,5.0,3.0
PHI,1.0,1.0,2.0,0.0,4.0,4.0,2.0,0.0,4.0
PIT,1.0,1.0,2.0,3.0,5.0,8.0,4.0,3.0,5.0
SJS,2.0,2.0,4.0,4.0,9.0,13.0,3.25,2.0,4.5
STL,2.0,1.0,3.0,7.0,2.0,9.0,3.0,3.5,2.0
TBL,1.0,1.0,2.0,4.0,5.0,9.0,4.5,4.0,5.0
TOR,1.0,1.0,2.0,3.0,4.0,7.0,3.5,3.0,4.0
VAN,2.0,2.0,4.0,4.0,4.0,8.0,2.0,2.0,2.0
VEG,0.0,0.0,0.0,0.0,0.0,0.0,,,
WPG,1.0,2.0,3.0,6.0,8.0,14.0,4.666666666666667,6.0,4.0
WSH,1.0,1.0,2.0,4.0,2.0,6.0,3.0,4.0,2.0
