otherteam,homegames,awaygames,ngames,homepenalties,awaypenalties,totalpenalties,normalizedpenalties,normalizedhomepenalties,normalizedawaypenalties
ANA,1.0,2.0,3.0,2.0,7.0,9.0,3.0,2.0,3.5
ARI,2.0,1.0,3.0,10.0,4.0,14.0,4.666666666666667,5.0,4.0
BOS,1.0,1.0,2.0,4.0,3.0,7.0,3.5,4.0,3.0
BUF,1.0,1.0,2.0,5.0,3.0,8.0,4.0,5.0,3.0
CAR,1.0,1.0,2.0,4.0,3.0,7.0,3.5,4.0,3.0
CBJ,1.0,1.0,2.0,3.0,4.0,7.0,3.5,3.0,4.0
CGY,1.0,2.0,3.0,3.0,10.0,13.0,4.333333333333333,3.0,5.0
CHI,3.0,2.0,5.0,7.0,5.0,12.0,2.4,2.3333333333333335,2.5
COL,2.0,2.0,4.0,9.0,9.0,18.0,4.5,4.5,4.5
DAL,2.0,2.0,4.0,6.0,8.0,14.0,3.5,3.0,4.0
DET,1.0,1.0,2.0,1.0,6.0,7.0,3.5,1.0,6.0
EDM,1.0,2.0,3.0,1.0,4.0,5.0,1.6666666666666667,1.0,2.0
FLA,1.0,1.0,2.0,4.0,5.0,9.0,4.5,4.0,5.0
LAK,2.0,1.0,3.0,7.0,5.0,12.0,4.0,3.5,5.0
MIN,2.0,2.0,4.0,5.0,10.0,15.0,3.75,2.5,5.0
MTL,1.0,1.0,2.0,7.0,8.0,15.0,7.5,7.0,8.0
NJD,1.0,1.0,2.0,2.0,3.0,5.0,2.5,2.0,3.0
NSH,2.0,3.0,5.0,10.0,15.0,25.0,5.0,5.0,5.0
NYI,1.0,1.0,2.0,4.0,3.0,7.0,3.5,4.0,3.0
NYR,1.0,1.0,2.0,5.0,3.0,8.0,4.0,5.0,3.0
OTT,1.0,1.0,2.0,3.0,7.0,10.0,5.0,3.0,7.0
PHI,1.0,1.0,2.0,6.0,2.0,8.0,4.0,6.0,2.0
PIT,1.0,1.0,2.0,7.0,5.0,12.0,6.0,7.0,5.0
SJS,1.0,2.0,3.0,5.0,7.0,12.0,4.0,5.0,3.5
STL,2.0,2.0,4.0,6.0,10.0,16.0,4.0,3.0,5.0
TBL,1.0,1.0,2.0,4.0,4.0,8.0,4.0,4.0,4.0
TOR,1.0,1.0,2.0,4.0,4.0,8.0,4.0,4.0,4.0
VAN,2.0,1.0,3.0,4.0,5.0,9.0,3.0,2.0,5.0
VEG,2.0,1.0,3.0,7.0,4.0,11.0,3.6666666666666665,3.5,4.0
WPG,0.0,0.0,0.0,0.0,0.0,0.0,,,
WSH,1.0,1.0,2.0,2.0,4.0,6.0,3.0,2.0,4.0
