otherteam,homegames,awaygames,ngames,homepenalties,awaypenalties,totalpenalties,normalizedpenalties,normalizedhomepenalties,normalizedawaypenalties
ANA,1.0,1.0,2.0,2.0,2.0,4.0,2.0,2.0,2.0
ARI,1.0,1.0,2.0,4.0,2.0,6.0,3.0,4.0,2.0
BOS,1.0,2.0,3.0,6.0,10.0,16.0,5.333333333333333,6.0,5.0
BUF,1.0,2.0,3.0,2.0,8.0,10.0,3.3333333333333335,2.0,4.0
CAR,2.0,2.0,4.0,2.0,9.0,11.0,2.75,1.0,4.5
CBJ,2.0,2.0,4.0,3.0,9.0,12.0,3.0,1.5,4.5
CGY,1.0,1.0,2.0,5.0,3.0,8.0,4.0,5.0,3.0
CHI,1.0,1.0,2.0,6.0,7.0,13.0,6.5,6.0,7.0
COL,1.0,1.0,2.0,4.0,10.0,14.0,7.0,4.0,10.0
DAL,1.0,1.0,2.0,5.0,7.0,12.0,6.0,5.0,7.0
DET,1.0,2.0,3.0,3.0,9.0,12.0,4.0,3.0,4.5
EDM,1.0,1.0,2.0,2.0,5.0,7.0,3.5,2.0,5.0
FLA,1.0,2.0,3.0,6.0,13.0,19.0,6.333333333333333,6.0,6.5
LAK,1.0,1.0,2.0,2.0,2.0,4.0,2.0,2.0,2.0
MIN,1.0,1.0,2.0,4.0,5.0,9.0,4.5,4.0,5.0
MTL,2.0,1.0,3.0,10.0,3.0,13.0,4.333333333333333,5.0,3.0
NJD,2.0,2.0,4.0,5.0,12.0,17.0,4.25,2.5,6.0
NSH,1.0,1.0,2.0,2.0,5.0,7.0,3.5,2.0,5.0
NYI,2.0,2.0,4.0,10.0,6.0,16.0,4.0,5.0,3.0
NYR,2.0,2.0,4.0,9.0,7.0,16.0,4.0,4.5,3.5
OTT,2.0,1.0,3.0,12.0,5.0,17.0,5.666666666666667,6.0,5.0
PHI,2.0,2.0,4.0,6.0,8.0,14.0,3.5,3.0,4.0
PIT,2.0,2.0,4.0,11.0,12.0,23.0,5.75,5.5,6.0
SJS,1.0,1.0,2.0,7.0,2.0,9.0,4.5,7.0,2.0
STL,1.0,1.0,2.0,2.0,4.0,6.0,3.0,2.0,4.0
TBL,2.0,1.0,3.0,5.0,7.0,12.0,4.0,2.5,7.0
TOR,2.0,1.0,3.0,4.0,1.0,5.0,1.6666666666666667,2.0,1.0
VAN,1.0,1.0,2.0,5.0,8.0,13.0,6.5,5.0,8.0
VEG,1.0,1.0,2.0,1.0,2.0,3.0,1.5,1.0,2.0
WPG,1.0,1.0,2.0,3.0,3.0,6.0,3.0,3.0,3.0
WSH,0.0,0.0,0.0,0.0,0.0,0.0,,,
